,Amman-East,Aqaba1,Aqaba2,IPP3,IPP4,Qatranah,Rehab,RehabCC,Risha,Samra1,Samra2,Samra3,Samra4,Zarqa-ACWA
0,0.0,0.0,0.0,0.0,0.0,0.0,0.0,0.0,0.0,0.0,0.0,813.6142,0.0,932.538
1,835.22454,0.0,0.0,0.0,0.0,0.0,0.0,0.0,0.0,0.0,0.0,813.6142,0.0,939.35191
2,835.22454,0.0,0.0,0.0,0.0,0.0,0.0,0.0,0.0,0.0,0.0,813.6142,0.0,939.35191
3,835.22454,0.0,0.0,0.0,0.0,0.0,0.0,0.0,0.0,0.0,0.0,813.6142,0.0,939.35191
4,835.22454,0.0,0.0,0.0,0.0,0.0,0.0,0.0,0.0,0.0,0.0,813.6142,0.0,939.35191
5,835.22454,0.0,0.0,0.0,0.0,0.0,0.0,0.0,0.0,0.0,0.0,813.6142,0.0,939.35191
6,835.22454,0.0,0.0,0.0,0.0,0.0,0.0,0.0,0.0,0.0,0.0,813.6142,0.0,939.35191
7,835.22454,0.0,0.0,0.0,0.0,0.0,0.0,0.0,0.0,0.0,0.0,813.6142,0.0,939.35191
8,835.22454,0.0,0.0,0.0,0.0,0.0,0.0,0.0,0.0,0.0,0.0,813.6142,0.0,939.35191
9,835.22454,0.0,0.0,0.0,0.0,0.0,0.0,0.0,0.0,0.0,0.0,813.6142,0.0,0.0
10,0.0,0.0,0.0,0.0,0.0,0.0,0.0,0.0,0.0,0.0,0.0,0.0,0.0,939.35191
11,0.0,0.0,0.0,0.0,0.0,0.0,0.0,0.0,0.0,0.0,0.0,813.6142,0.0,0.0
12,0.0,0.0,0.0,0.0,0.0,0.0,0.0,0.0,0.0,0.0,0.0,813.6142,0.0,0.0
13,0.0,0.0,0.0,0.0,0.0,0.0,0.0,0.0,0.0,0.0,0.0,0.0,0.0,939.35191
14,835.22454,0.0,0.0,0.0,0.0,0.0,0.0,0.0,0.0,0.0,0.0,813.6142,0.0,0.0
15,0.0,0.0,0.0,0.0,0.0,0.0,0.0,0.0,0.0,0.0,0.0,813.6142,465.4671,939.35191
16,835.22454,0.0,0.0,0.0,0.0,862.0087,0.0,0.0,0.0,0.0,0.0,813.6142,0.0,939.35191
17,835.22454,0.0,0.0,0.0,0.0,862.0087,0.0,0.0,0.0,0.0,0.0,813.6142,0.0,939.35191
18,835.22454,0.0,0.0,0.0,0.0,844.26948,0.0,0.0,0.0,0.0,0.0,813.6142,0.0,939.35191
19,835.22454,0.0,0.0,0.0,0.0,0.0,0.0,0.0,0.0,0.0,0.0,813.6142,0.0,939.35191
20,805.95889,0.0,0.0,0.0,0.0,0.0,0.0,0.0,0.0,0.0,0.0,813.6142,0.0,939.35191
21,0.0,0.0,0.0,0.0,0.0,0.0,0.0,0.0,0.0,0.0,0.0,813.6142,465.4671,885.33192
22,835.22454,0.0,0.0,0.0,0.0,0.0,0.0,0.0,0.0,0.0,0.0,813.6142,0.0,0.0
23,0.0,0.0,0.0,0.0,0.0,0.0,0.0,0.0,0.0,0.0,0.0,813.6142,0.0,939.35191
